%Chk=entry_0_oxidised_neutral.chk
%mem=64GB
%nprocshared=16
#P M062X/6-31++G(d,p) freq=NoRaman opt

Generated Gaussian Input

0 1
C
C 1 B1
C 2 B2 1 A2
C 3 B3 2 A3 1 D3
N 4 B4 3 A4 2 D4
C 5 B5 4 A5 3 D5
C 6 B6 5 A6 4 D6
N 7 B7 6 A7 4 D7
C 8 B8 4 A8 7 D8
C 9 B9 1 A9 8 D9
H 1 B10 2 A10 10 D10
H 2 B11 1 A11 3 D11
H 3 B12 4 A12 2 D12
H 6 B13 5 A13 7 D13
H 7 B14 8 A14 6 D14
H 10 B15 9 A15 1 D15

B1=1.388830
B2=1.395843
A2=119.568861
B3=1.389798
A3=121.419590
D3=-0.003132
B4=1.348386
A4=119.612487
D4=-179.997843
B5=1.350259
A5=116.329516
D5=-179.998806
B6=1.379654
A6=122.294507
D6=-0.000023
B7=1.350259
A7=122.294432
D7=-0.000937
B8=1.348386
A8=30.125740
D8=179.999792
B9=1.389798
A9=29.359935
D9=0.000502
B10=1.087044
A10=120.374889
D10=-179.998823
B11=1.087044
A11=120.374667
D11=179.998434
B12=1.087249
A12=118.898922
D12=179.998155
B13=1.083746
A13=116.065533
D13=179.997806
B14=1.083746
A14=116.065571
D14=-179.998933
B15=1.087249
A15=118.899097
D15=179.998981



