%Chk=entry_0_reduced_neutral.chk
%mem=64GB
%nprocshared=16
#P M062X/6-31++G(d,p) freq=NoRaman opt

Generated Gaussian Input

0 1
C
C 1 B1
C 2 B2 1 A2
C 3 B3 2 A3 1 D3
N 4 B4 3 A4 2 D4
C 5 B5 4 A5 3 D5
C 6 B6 5 A6 4 D6
N 7 B7 6 A7 4 D7
C 8 B8 4 A8 7 D8
C 9 B9 1 A9 2 D9
H 1 B10 10 A10 2 D10
H 2 B11 3 A11 1 D11
H 3 B12 2 A12 4 D12
H 5 B13 6 A13 4 D13
H 6 B14 5 A14 7 D14
H 7 B15 8 A15 6 D15
H 8 B16 7 A16 9 D16
H 10 B17 1 A17 9 D17

B1=1.397673
B2=1.396944
A2=120.408201
B3=1.395085
A3=119.804577
D3=-1.181454
B4=1.417606
A4=121.256148
D4=176.808429
B5=1.379281
A5=119.086014
D5=177.317116
B6=1.343555
A6=121.701754
D6=7.217377
B7=1.379281
A7=121.701763
D7=3.701755
B8=1.417606
A8=30.688765
D8=173.877503
B9=1.395085
A9=30.119823
D9=-178.980973
B10=1.087136
A10=119.778636
D10=179.078181
B11=1.087136
A11=119.778629
D11=-179.078229
B12=1.085200
A12=119.678523
D12=179.531238
B13=1.010139
A13=118.306590
D13=155.069029
B14=1.083846
A14=115.416871
D14=-179.423753
B15=1.083846
A15=115.416875
D15=179.423765
B16=1.010138
A16=118.306569
D16=-155.068758
B17=1.085200
A17=119.678526
D17=-179.531240



